00000000000000000000111111111000000000000000000000
00000000000000000000111111111000000000000000000000
00000000000000000000111111111000000000000000000000
00000000000000000000111111111000000000000000000000
00000000011111100000111111111000000000000000000000
00000000011111100000111111111000000000000000000000
00000000011111100000111111111000001111111000000000
00000000011111100000111111111000001111111000000000
00000000011111100000111111111000001111111000000000
00000000011111111111111111111000001111111000000000
00000000011111111111111111111000001111111000000000
00000000011111111111111111111111111111111000000000
00000000000000000000111111111111111111111000000000
00000000000000000000111111111111111111111000000000
00000000000000000000111111111000000000000000000000
00000000000000000000111111111000000000000000000000
00000000000000000000111111111000000000000000000000
00000000000000000000111111111000000000000000000000
00000000000000000000111111111000000000000000000000
00000000000000000000111111111000000000000000000000
00000000000000000000111111111000000000000000000000
00000000000000000000111111111000000000000000000000
00000000000000000000111111111000000000000000000000
00000000000000000000111111111000000000000000000000
00000000000000000000111111111000000000000000000000
